UiO-67 - PBEsol                        
   1.0000000000000000     
    19.0116064637085600    0.0000000000000000   -0.0000000000000000
     9.5058032318542800   16.4645341642716581    0.0000000000002688
     9.5058032318542800    5.4881780547243917   15.5229116755619270
   H    C    O    Zr
    52    84    32     6
Direct
  0.2926008539547027  0.6533209972887732  0.1350414351688727
  0.6533209972887732  0.2926008539547027  0.9190367295876598
  0.1350414351688727  0.9190367295876598  0.2926008539547027
  0.9190367295876598  0.1350414351688727  0.6533209972887732
  0.1350414351688727  0.2926008539547027  0.6533209972887732
  0.9190367295876598  0.6533209972887732  0.2926008539547027
  0.2926008539547027  0.1350414351688727  0.9190367295876598
  0.6533209972887732  0.9190367295876598  0.1350414351688727
  0.6533209972887732  0.1350414351688727  0.2926008539547027
  0.2926008539547027  0.9190367295876598  0.6533209972887732
  0.9190367295876598  0.2926008539547027  0.1350414351688727
  0.1350414351688727  0.6533209972887732  0.9190367295876598
  0.4200020297820330  0.5183417623828390  0.1392011516287255
  0.5183417623828390  0.4200020297820330  0.9224550412064119
  0.1392011516287255  0.9224550412064119  0.4200020297820330
  0.9224550412064119  0.1392011516287255  0.5183417623828390
  0.1392011516287255  0.4200020297820330  0.5183417623828390
  0.9224550412064119  0.5183417623828390  0.4200020297820330
  0.4200020297820330  0.1392011516287255  0.9224550412064119
  0.5183417623828390  0.9224550412064119  0.1392011516287255
  0.5183417623828390  0.1392011516287255  0.4200020297820330
  0.4200020297820330  0.9224550412064119  0.5183417623828390
  0.9224550412064119  0.4200020297820330  0.1392011516287255
  0.1392011516287255  0.5183417623828390  0.9224550412064119
  0.8754275562469687  0.6931497309546018  0.0947474310142269
  0.6931497309546018  0.8754275562469687  0.3366752967842004
  0.0947474310142269  0.3366752967842004  0.8754275562469687
  0.3366752967842004  0.0947474310142269  0.6931497309546018
  0.0947474310142269  0.8754275562469687  0.6931497309546018
  0.3366752967842004  0.6931497309546018  0.8754275562469687
  0.8754275562469687  0.0947474310142269  0.3366752967842004
  0.6931497309546018  0.3366752967842004  0.0947474310142269
  0.6931497309546018  0.0947474310142269  0.8754275562469687
  0.8754275562469687  0.3366752967842004  0.6931497309546018
  0.3366752967842004  0.8754275562469687  0.0947474310142269
  0.0947474310142269  0.6931497309546018  0.3366752967842004
  0.8761559784605737  0.5617551687149955  0.0943201166062764
  0.5617551687149955  0.8761559784605737  0.4677687292181503
  0.0943201166062693  0.4677687292181503  0.8761559784605737
  0.4677687292181503  0.0943201166062693  0.5617551687149955
  0.0943201166062764  0.8761559784605737  0.5617551687149955
  0.4677687292181503  0.5617551687149955  0.8761559784605737
  0.8761559784605737  0.0943201166062764  0.4677687292181503
  0.5617551687149955  0.4677687292181503  0.0943201166062693
  0.5617551687149955  0.0943201166062764  0.8761559784605737
  0.8761559784605737  0.4677687292181503  0.5617551687149955
  0.4677687292181503  0.8761559784605737  0.0943201166062764
  0.0943201166062764  0.5617551687149955  0.4677687292181503
  0.9272632823753710  0.9272631633753718  0.2182104948738868
  0.9272631633753718  0.9272632823753710  0.9272630443753727
  0.2182104948738868  0.9272630443753727  0.9272632823753710
  0.9272630443753727  0.2182104948738868  0.9272631633753718
  0.3316846197117442  0.6320141015415999  0.0788127008452904
  0.6320141015415999  0.3316846197117442  0.9574885629013679
  0.0788127008452904  0.9574885629013679  0.3316846197117442
  0.9574885629013679  0.0788127008452904  0.6320141015415999
  0.0788127008452904  0.3316846197117442  0.6320141015415999
  0.9574885629013679  0.6320141015415999  0.3316846197117442
  0.3316846197117442  0.0788127008452904  0.9574885629013679
  0.6320141015415999  0.9574885629013679  0.0788127008452904
  0.6320141015415999  0.0788127008452904  0.3316846197117442
  0.3316846197117442  0.9574885629013679  0.6320141015415999
  0.9574885629013679  0.3316846197117442  0.0788127008452904
  0.0788127008452904  0.6320141015415999  0.9574885629013679
  0.4031320427247564  0.5575729498296269  0.0802836814299752
  0.5575729498296269  0.4031320427247564  0.9590113560156368
  0.0802836814299752  0.9590113560156368  0.4031320427247564
  0.9590113560156368  0.0802836814299752  0.5575729498296269
  0.0802836814299752  0.4031320427247564  0.5575729498296269
  0.9590113560156368  0.5575729498296269  0.4031320427247564
  0.4031320427247564  0.0802836814299752  0.9590113560156368
  0.5575729498296269  0.9590113560156368  0.0802836814299752
  0.5575729498296269  0.0802836814299752  0.4031320427247564
  0.4031320427247564  0.9590113560156368  0.5575729498296269
  0.9590113560156368  0.4031320427247564  0.0802836814299752
  0.0802836814299752  0.5575729498296269  0.9590113560156368
  0.2318792238169181  0.7613960309235637  0.0026690329591474
  0.7613960309235637  0.2318792238169181  0.0040557123003779
  0.0026690329591474  0.0040557123003779  0.2318792238169181
  0.0040557123003779  0.0026690329591474  0.7613960309235637
  0.0026690329591474  0.2318792238169181  0.7613960309235637
  0.0040557123003779  0.7613960309235637  0.2318792238169181
  0.2318792238169181  0.0026690329591474  0.0040557123003779
  0.7613960309235637  0.0040557123003779  0.0026690329591474
  0.7613960309235637  0.0026690329591474  0.2318792238169181
  0.2318792238169181  0.0040557123003779  0.7613960309235637
  0.0040557123003779  0.2318792238169181  0.0026690329591474
  0.0026690329591474  0.7613960309235637  0.0040557123003779
  0.3075891856102544  0.6808790771812383  0.0049925571952301
  0.6808790771812383  0.3075891856102544  0.0065391800132772
  0.0049925571952301  0.0065391800132772  0.3075891856102544
  0.0065391800132772  0.0049925571952301  0.6808790771812383
  0.0049925571952301  0.3075891856102544  0.6808790771812383
  0.0065391800132772  0.6808790771812383  0.3075891856102544
  0.3075891856102544  0.0049925571952301  0.0065391800132772
  0.6808790771812383  0.0065391800132772  0.0049925571952301
  0.6808790771812383  0.0049925571952301  0.3075891856102544
  0.3075891856102544  0.0065391800132772  0.6808790771812383
  0.0065391800132772  0.3075891856102544  0.0049925571952301
  0.0049925571952301  0.6808790771812383  0.0065391800132772
  0.4532826976971620  0.5306907202730926  0.0077568258432734
  0.5306907202730926  0.4532826976971620  0.0082697561864720
  0.0077568258432734  0.0082697561864720  0.4532826976971620
  0.0082697561864720  0.0077568258432734  0.5306907202730926
  0.0077568258432734  0.4532826976971620  0.5306907202730926
  0.0082697561864720  0.5306907202730926  0.4532826976971620
  0.4532826976971620  0.0077568258432734  0.0082697561864720
  0.5306907202730926  0.0082697561864720  0.0077568258432734
  0.5306907202730926  0.0077568258432734  0.4532826976971620
  0.4532826976971620  0.0082697561864720  0.5306907202730926
  0.0082697561864720  0.4532826976971620  0.0077568258432734
  0.0077568258432734  0.5306907202730926  0.0082697561864720
  0.9328321369958559  0.6540638686445064  0.0570265154077418
  0.6540638686445064  0.9328321369958559  0.3560774859518929
  0.0570265154077418  0.3560774859518929  0.9328321369958559
  0.3560774859518929  0.0570265154077418  0.6540638686445064
  0.0570265154077418  0.9328321369958559  0.6540638686445064
  0.3560774859518929  0.6540638686445064  0.9328321369958559
  0.9328321369958559  0.0570265154077418  0.3560774859518929
  0.6540638686445064  0.3560774859518929  0.0570265154077418
  0.6540638686445064  0.0570265154077418  0.9328321369958559
  0.9328321369958559  0.3560774859518929  0.6540638686445064
  0.3560774859518929  0.9328321369958559  0.0570265154077418
  0.0570265154077418  0.6540638686445064  0.3560774859518929
  0.9340583748505509  0.5803852957221665  0.0572283080956097
  0.5803852957221665  0.9340583748505509  0.4283280173316726
  0.0572283080956097  0.4283280173316726  0.9340583748505509
  0.4283280173316726  0.0572283080956097  0.5803852957221665
  0.0572283080956097  0.9340583748505509  0.5803852957221665
  0.4283280173316726  0.5803852957221665  0.9340583748505509
  0.9340583748505509  0.0572283080956097  0.4283280173316726
  0.5803852957221665  0.4283280173316726  0.0572283080956097
  0.5803852957221665  0.0572283080956097  0.9340583748505509
  0.9340583748505509  0.4283280173316726  0.5803852957221665
  0.4283280173316726  0.9340583748505509  0.0572283080956097
  0.0572283080956097  0.5803852957221665  0.4283280173316726
  0.2010713875333821  0.7918825584246747  0.0624781628923614
  0.7918825584246747  0.2010713875333821  0.9445679061495866
  0.0624781628923614  0.9445679061495866  0.2010713875333821
  0.9445679061495866  0.0624781628923614  0.7918825584246747
  0.0624781628923614  0.2010713875333821  0.7918825584246747
  0.9445679061495866  0.7918825584246747  0.2010713875333821
  0.2010713875333821  0.0624781628923614  0.9445679061495866
  0.7918825584246747  0.9445679061495866  0.0624781628923614
  0.7918825584246747  0.0624781628923614  0.2010713875333821
  0.2010713875333821  0.9445679061495866  0.7918825584246747
  0.9445679061495866  0.2010713875333821  0.0624781628923614
  0.0624781628923614  0.7918825584246747  0.9445679061495866
  0.9401640570018444  0.7946609692483477  0.0609520728005535
  0.7946609692483477  0.9401640570018444  0.2042228939492503
  0.0609520728005535  0.2042228939492503  0.9401640570018444
  0.2042228939492503  0.0609520728005535  0.7946609692483477
  0.0609520728005535  0.9401640570018444  0.7946609692483477
  0.2042228939492503  0.7946609692483477  0.9401640570018444
  0.9401640570018444  0.0609520728005535  0.2042228939492503
  0.7946609692483477  0.2042228939492503  0.0609520728005535
  0.7946609692483477  0.0609520728005535  0.9401640570018444
  0.9401640570018444  0.2042228939492503  0.7946609692483477
  0.2042228939492503  0.9401640570018444  0.0609520728005535
  0.0609520728005535  0.7946609692483477  0.2042228939492503
  0.1555082766311742  0.9481638677896029  0.9481638677896029
  0.9481638677896029  0.1555082766311742  0.9481639877896058
  0.9481638677896029  0.9481639877896058  0.1555082766311742
  0.9481639877896058  0.9481638677896029  0.9481638677896029
  0.8834372379132276  0.0388542426955851  0.0388542426955851
  0.0388542426955851  0.8834372379132276  0.0388542466955855
  0.0388542426955851  0.0388542466955855  0.8834372379132276
  0.0388542466955855  0.0388542426955851  0.0388542426955851
  0.0928632132691121  0.0928632432691145  0.9071367267308901
  0.9071367267308901  0.9071367867308879  0.0928632132691121
  0.9071367267308901  0.0928632132691121  0.0928632432691145
  0.0928632132691121  0.9071367267308901  0.9071367867308879
  0.0928632432691145  0.9071367267308901  0.0928632132691121
  0.9071367867308879  0.0928632132691121  0.9071367267308901

  0.00000000E+00  0.00000000E+00  0.00000000E+00
  0.00000000E+00  0.00000000E+00  0.00000000E+00
  0.00000000E+00  0.00000000E+00  0.00000000E+00
  0.00000000E+00  0.00000000E+00  0.00000000E+00
  0.00000000E+00  0.00000000E+00  0.00000000E+00
  0.00000000E+00  0.00000000E+00  0.00000000E+00
  0.00000000E+00  0.00000000E+00  0.00000000E+00
  0.00000000E+00  0.00000000E+00  0.00000000E+00
  0.00000000E+00  0.00000000E+00  0.00000000E+00
  0.00000000E+00  0.00000000E+00  0.00000000E+00
  0.00000000E+00  0.00000000E+00  0.00000000E+00
  0.00000000E+00  0.00000000E+00  0.00000000E+00
  0.00000000E+00  0.00000000E+00  0.00000000E+00
  0.00000000E+00  0.00000000E+00  0.00000000E+00
  0.00000000E+00  0.00000000E+00  0.00000000E+00
  0.00000000E+00  0.00000000E+00  0.00000000E+00
  0.00000000E+00  0.00000000E+00  0.00000000E+00
  0.00000000E+00  0.00000000E+00  0.00000000E+00
  0.00000000E+00  0.00000000E+00  0.00000000E+00
  0.00000000E+00  0.00000000E+00  0.00000000E+00
  0.00000000E+00  0.00000000E+00  0.00000000E+00
  0.00000000E+00  0.00000000E+00  0.00000000E+00
  0.00000000E+00  0.00000000E+00  0.00000000E+00
  0.00000000E+00  0.00000000E+00  0.00000000E+00
  0.00000000E+00  0.00000000E+00  0.00000000E+00
  0.00000000E+00  0.00000000E+00  0.00000000E+00
  0.00000000E+00  0.00000000E+00  0.00000000E+00
  0.00000000E+00  0.00000000E+00  0.00000000E+00
  0.00000000E+00  0.00000000E+00  0.00000000E+00
  0.00000000E+00  0.00000000E+00  0.00000000E+00
  0.00000000E+00  0.00000000E+00  0.00000000E+00
  0.00000000E+00  0.00000000E+00  0.00000000E+00
  0.00000000E+00  0.00000000E+00  0.00000000E+00
  0.00000000E+00  0.00000000E+00  0.00000000E+00
  0.00000000E+00  0.00000000E+00  0.00000000E+00
  0.00000000E+00  0.00000000E+00  0.00000000E+00
  0.00000000E+00  0.00000000E+00  0.00000000E+00
  0.00000000E+00  0.00000000E+00  0.00000000E+00
  0.00000000E+00  0.00000000E+00  0.00000000E+00
  0.00000000E+00  0.00000000E+00  0.00000000E+00
  0.00000000E+00  0.00000000E+00  0.00000000E+00
  0.00000000E+00  0.00000000E+00  0.00000000E+00
  0.00000000E+00  0.00000000E+00  0.00000000E+00
  0.00000000E+00  0.00000000E+00  0.00000000E+00
  0.00000000E+00  0.00000000E+00  0.00000000E+00
  0.00000000E+00  0.00000000E+00  0.00000000E+00
  0.00000000E+00  0.00000000E+00  0.00000000E+00
  0.00000000E+00  0.00000000E+00  0.00000000E+00
  0.00000000E+00  0.00000000E+00  0.00000000E+00
  0.00000000E+00  0.00000000E+00  0.00000000E+00
  0.00000000E+00  0.00000000E+00  0.00000000E+00
  0.00000000E+00  0.00000000E+00  0.00000000E+00
  0.00000000E+00  0.00000000E+00  0.00000000E+00
  0.00000000E+00  0.00000000E+00  0.00000000E+00
  0.00000000E+00  0.00000000E+00  0.00000000E+00
  0.00000000E+00  0.00000000E+00  0.00000000E+00
  0.00000000E+00  0.00000000E+00  0.00000000E+00
  0.00000000E+00  0.00000000E+00  0.00000000E+00
  0.00000000E+00  0.00000000E+00  0.00000000E+00
  0.00000000E+00  0.00000000E+00  0.00000000E+00
  0.00000000E+00  0.00000000E+00  0.00000000E+00
  0.00000000E+00  0.00000000E+00  0.00000000E+00
  0.00000000E+00  0.00000000E+00  0.00000000E+00
  0.00000000E+00  0.00000000E+00  0.00000000E+00
  0.00000000E+00  0.00000000E+00  0.00000000E+00
  0.00000000E+00  0.00000000E+00  0.00000000E+00
  0.00000000E+00  0.00000000E+00  0.00000000E+00
  0.00000000E+00  0.00000000E+00  0.00000000E+00
  0.00000000E+00  0.00000000E+00  0.00000000E+00
  0.00000000E+00  0.00000000E+00  0.00000000E+00
  0.00000000E+00  0.00000000E+00  0.00000000E+00
  0.00000000E+00  0.00000000E+00  0.00000000E+00
  0.00000000E+00  0.00000000E+00  0.00000000E+00
  0.00000000E+00  0.00000000E+00  0.00000000E+00
  0.00000000E+00  0.00000000E+00  0.00000000E+00
  0.00000000E+00  0.00000000E+00  0.00000000E+00
  0.00000000E+00  0.00000000E+00  0.00000000E+00
  0.00000000E+00  0.00000000E+00  0.00000000E+00
  0.00000000E+00  0.00000000E+00  0.00000000E+00
  0.00000000E+00  0.00000000E+00  0.00000000E+00
  0.00000000E+00  0.00000000E+00  0.00000000E+00
  0.00000000E+00  0.00000000E+00  0.00000000E+00
  0.00000000E+00  0.00000000E+00  0.00000000E+00
  0.00000000E+00  0.00000000E+00  0.00000000E+00
  0.00000000E+00  0.00000000E+00  0.00000000E+00
  0.00000000E+00  0.00000000E+00  0.00000000E+00
  0.00000000E+00  0.00000000E+00  0.00000000E+00
  0.00000000E+00  0.00000000E+00  0.00000000E+00
  0.00000000E+00  0.00000000E+00  0.00000000E+00
  0.00000000E+00  0.00000000E+00  0.00000000E+00
  0.00000000E+00  0.00000000E+00  0.00000000E+00
  0.00000000E+00  0.00000000E+00  0.00000000E+00
  0.00000000E+00  0.00000000E+00  0.00000000E+00
  0.00000000E+00  0.00000000E+00  0.00000000E+00
  0.00000000E+00  0.00000000E+00  0.00000000E+00
  0.00000000E+00  0.00000000E+00  0.00000000E+00
  0.00000000E+00  0.00000000E+00  0.00000000E+00
  0.00000000E+00  0.00000000E+00  0.00000000E+00
  0.00000000E+00  0.00000000E+00  0.00000000E+00
  0.00000000E+00  0.00000000E+00  0.00000000E+00
  0.00000000E+00  0.00000000E+00  0.00000000E+00
  0.00000000E+00  0.00000000E+00  0.00000000E+00
  0.00000000E+00  0.00000000E+00  0.00000000E+00
  0.00000000E+00  0.00000000E+00  0.00000000E+00
  0.00000000E+00  0.00000000E+00  0.00000000E+00
  0.00000000E+00  0.00000000E+00  0.00000000E+00
  0.00000000E+00  0.00000000E+00  0.00000000E+00
  0.00000000E+00  0.00000000E+00  0.00000000E+00
  0.00000000E+00  0.00000000E+00  0.00000000E+00
  0.00000000E+00  0.00000000E+00  0.00000000E+00
  0.00000000E+00  0.00000000E+00  0.00000000E+00
  0.00000000E+00  0.00000000E+00  0.00000000E+00
  0.00000000E+00  0.00000000E+00  0.00000000E+00
  0.00000000E+00  0.00000000E+00  0.00000000E+00
  0.00000000E+00  0.00000000E+00  0.00000000E+00
  0.00000000E+00  0.00000000E+00  0.00000000E+00
  0.00000000E+00  0.00000000E+00  0.00000000E+00
  0.00000000E+00  0.00000000E+00  0.00000000E+00
  0.00000000E+00  0.00000000E+00  0.00000000E+00
  0.00000000E+00  0.00000000E+00  0.00000000E+00
  0.00000000E+00  0.00000000E+00  0.00000000E+00
  0.00000000E+00  0.00000000E+00  0.00000000E+00
  0.00000000E+00  0.00000000E+00  0.00000000E+00
  0.00000000E+00  0.00000000E+00  0.00000000E+00
  0.00000000E+00  0.00000000E+00  0.00000000E+00
  0.00000000E+00  0.00000000E+00  0.00000000E+00
  0.00000000E+00  0.00000000E+00  0.00000000E+00
  0.00000000E+00  0.00000000E+00  0.00000000E+00
  0.00000000E+00  0.00000000E+00  0.00000000E+00
  0.00000000E+00  0.00000000E+00  0.00000000E+00
  0.00000000E+00  0.00000000E+00  0.00000000E+00
  0.00000000E+00  0.00000000E+00  0.00000000E+00
  0.00000000E+00  0.00000000E+00  0.00000000E+00
  0.00000000E+00  0.00000000E+00  0.00000000E+00
  0.00000000E+00  0.00000000E+00  0.00000000E+00
  0.00000000E+00  0.00000000E+00  0.00000000E+00
  0.00000000E+00  0.00000000E+00  0.00000000E+00
  0.00000000E+00  0.00000000E+00  0.00000000E+00
  0.00000000E+00  0.00000000E+00  0.00000000E+00
  0.00000000E+00  0.00000000E+00  0.00000000E+00
  0.00000000E+00  0.00000000E+00  0.00000000E+00
  0.00000000E+00  0.00000000E+00  0.00000000E+00
  0.00000000E+00  0.00000000E+00  0.00000000E+00
  0.00000000E+00  0.00000000E+00  0.00000000E+00
  0.00000000E+00  0.00000000E+00  0.00000000E+00
  0.00000000E+00  0.00000000E+00  0.00000000E+00
  0.00000000E+00  0.00000000E+00  0.00000000E+00
  0.00000000E+00  0.00000000E+00  0.00000000E+00
  0.00000000E+00  0.00000000E+00  0.00000000E+00
  0.00000000E+00  0.00000000E+00  0.00000000E+00
  0.00000000E+00  0.00000000E+00  0.00000000E+00
  0.00000000E+00  0.00000000E+00  0.00000000E+00
  0.00000000E+00  0.00000000E+00  0.00000000E+00
  0.00000000E+00  0.00000000E+00  0.00000000E+00
  0.00000000E+00  0.00000000E+00  0.00000000E+00
  0.00000000E+00  0.00000000E+00  0.00000000E+00
  0.00000000E+00  0.00000000E+00  0.00000000E+00
  0.00000000E+00  0.00000000E+00  0.00000000E+00
  0.00000000E+00  0.00000000E+00  0.00000000E+00
  0.00000000E+00  0.00000000E+00  0.00000000E+00
  0.00000000E+00  0.00000000E+00  0.00000000E+00
  0.00000000E+00  0.00000000E+00  0.00000000E+00
  0.00000000E+00  0.00000000E+00  0.00000000E+00
  0.00000000E+00  0.00000000E+00  0.00000000E+00
  0.00000000E+00  0.00000000E+00  0.00000000E+00
  0.00000000E+00  0.00000000E+00  0.00000000E+00
  0.00000000E+00  0.00000000E+00  0.00000000E+00
  0.00000000E+00  0.00000000E+00  0.00000000E+00
  0.00000000E+00  0.00000000E+00  0.00000000E+00
  0.00000000E+00  0.00000000E+00  0.00000000E+00
  0.00000000E+00  0.00000000E+00  0.00000000E+00
  0.00000000E+00  0.00000000E+00  0.00000000E+00
  0.00000000E+00  0.00000000E+00  0.00000000E+00
  0.00000000E+00  0.00000000E+00  0.00000000E+00
