UiO-66 - PBEsol                              
  0.986000000000000     
    14.7146367641175591    0.0000000000000000    0.0000000000000000
     7.3573183820587795   12.7432492451863926   -0.0000000000002825
     7.3573183820587795    4.2477497484282623   12.0144506075140107
   H    C    O    Zr
    28    48    32     6
Direct
  0.1552173635691716  0.5804113539238287  0.4047111633924061
  0.5804113539238287  0.1552173635691716  0.8596601191145936
  0.4047111633924061  0.8596601191145936  0.1552173635691716
  0.8596601191145936  0.4047111633924061  0.5804113539238287
  0.4047111633924061  0.1552173635691716  0.5804113539238287
  0.8596601191145936  0.5804113539238287  0.1552173635691716
  0.1552173635691716  0.4047111633924061  0.8596601191145936
  0.5804113539238287  0.8596601191145936  0.4047111633924061
  0.5804113539238287  0.4047111633924061  0.1552173635691716
  0.1552173635691716  0.8596601191145936  0.5804113539238287
  0.8596601191145936  0.1552173635691716  0.4047111633924061
  0.4047111633924061  0.5804113539238287  0.8596601191145936
  0.5804113539238287  0.1552173635691716  0.4047111633924061
  0.1552173635691716  0.5804113539238287  0.8596601191145936
  0.8596601191145936  0.4047111633924061  0.1552173635691716
  0.4047111633924061  0.8596601191145936  0.5804113539238287
  0.1552173635691716  0.4047111633924061  0.5804113539238287
  0.5804113539238287  0.8596601191145936  0.1552173635691716
  0.4047111633924061  0.1552173635691716  0.8596601191145936
  0.8596601191145936  0.5804113539238287  0.4047111633924061
  0.4047111633924061  0.5804113539238287  0.1552173635691716
  0.8596601191145936  0.1552173635691716  0.5804113539238287
  0.1552173635691716  0.8596601191145936  0.4047111633924061
  0.5804113539238287  0.4047111633924061  0.8596601191145936
  0.9047358453641010  0.9047358453641010  0.2857923749077003
  0.9047358453641010  0.9047358453641010  0.9047359043641023
  0.2857923749077003  0.9047359043641023  0.9047358453641010
  0.9047359043641023  0.2857923749077003  0.9047358453641010
  0.0919876589384856  0.5397261401863176  0.4445529833945230
  0.5397261401863176  0.0919876589384856  0.9237331944806755
  0.4445529833945230  0.9237331944806755  0.0919876589384856
  0.9237331944806755  0.4445529833945230  0.5397261401863176
  0.4445529833945230  0.0919876589384856  0.5397261401863176
  0.9237331944806755  0.5397261401863176  0.0919876589384856
  0.0919876589384856  0.4445529833945230  0.9237331944806755
  0.5397261401863176  0.9237331944806755  0.4445529833945230
  0.5397261401863176  0.4445529833945230  0.0919876589384856
  0.0919876589384856  0.9237331944806755  0.5397261401863176
  0.9237331944806755  0.0919876589384856  0.4445529833945230
  0.4445529833945230  0.5397261401863176  0.9237331944806755
  0.5397261401863176  0.0919876589384856  0.4445529833945230
  0.0919876589384856  0.5397261401863176  0.9237331944806755
  0.9237331944806755  0.4445529833945230  0.0919876589384856
  0.4445529833945230  0.9237331944806755  0.5397261401863176
  0.0919876589384856  0.4445529833945230  0.5397261401863176
  0.5397261401863176  0.9237331944806755  0.0919876589384856
  0.4445529833945230  0.0919876589384856  0.9237331944806755
  0.9237331944806755  0.5397261401863176  0.4445529833945230
  0.4445529833945230  0.5397261401863176  0.0919876589384856
  0.9237331944806755  0.0919876589384856  0.5397261401863176
  0.0919876589384856  0.9237331944806755  0.4445529833945230
  0.5397261401863176  0.4445529833945230  0.9237331944806755
  0.2999654573228057  0.0045287338972884  0.0045287338972884
  0.0045287338972884  0.2999654573228057  0.6909770848826184
  0.0045287338972884  0.6909770848826184  0.2999654573228057
  0.6909770848826184  0.0045287338972884  0.0045287338972884
  0.0045287338972884  0.2999654573228057  0.0045287338972884
  0.6909770848826184  0.0045287338972884  0.2999654573228057
  0.2999654573228057  0.0045287338972884  0.6909770848826184
  0.0045287338972884  0.6909770848826184  0.0045287338972884
  0.0045287338972884  0.0045287338972884  0.2999654573228057
  0.2999654573228057  0.6909770848826184  0.0045287338972884
  0.6909770848826184  0.2999654573228057  0.0045287338972884
  0.0045287338972884  0.0045287338972884  0.6909770848826184
  0.0074112984892665  0.5868197028216784  0.3983577281997839
  0.5868197028216784  0.0074112984892665  0.0074112694892676
  0.3983577281997839  0.0074112694892676  0.0074112984892665
  0.0074112694892676  0.3983577281997839  0.5868197028216784
  0.3983577281997839  0.0074112984892665  0.5868197028216784
  0.0074112694892676  0.5868197028216784  0.0074112984892665
  0.0074112984892665  0.3983577281997839  0.0074112694892676
  0.5868197028216784  0.0074112694892676  0.3983577281997839
  0.5868197028216784  0.3983577281997839  0.0074112984892665
  0.0074112984892665  0.0074112694892676  0.5868197028216784
  0.0074112694892676  0.0074112984892665  0.3983577281997839
  0.3983577281997839  0.5868197028216784  0.0074112694892676
  0.0810819468941233  0.7319984637080523  0.2625168075984021
  0.7319984637080523  0.0810819468941233  0.9244027887994193
  0.2625168075984021  0.9244027887994193  0.0810819468941233
  0.9244027887994193  0.2625168075984021  0.7319984637080523
  0.2625168075984021  0.0810819468941233  0.7319984637080523
  0.9244027887994193  0.7319984637080523  0.0810819468941233
  0.0810819468941233  0.2625168075984021  0.9244027887994193
  0.7319984637080523  0.9244027887994193  0.2625168075984021
  0.7319984637080523  0.2625168075984021  0.0810819468941233
  0.0810819468941233  0.9244027887994193  0.7319984637080523
  0.9244027887994193  0.0810819468941233  0.2625168075984021
  0.2625168075984021  0.7319984637080523  0.9244027887994193
  0.7319984637080523  0.0810819468941233  0.2625168075984021
  0.0810819468941233  0.7319984637080523  0.9244027887994193
  0.9244027887994193  0.2625168075984021  0.0810819468941233
  0.2625168075984021  0.9244027887994193  0.7319984637080523
  0.0810819468941233  0.2625168075984021  0.7319984637080523
  0.7319984637080523  0.9244027887994193  0.0810819468941233
  0.2625168075984021  0.0810819468941233  0.9244027887994193
  0.9244027887994193  0.7319984637080523  0.2625168075984021
  0.2625168075984021  0.7319984637080523  0.0810819468941233
  0.9244027887994193  0.0810819468941233  0.7319984637080523
  0.0810819468941233  0.9244027887994193  0.2625168075984021
  0.7319984637080523  0.2625168075984021  0.9244027887994193
  0.2036897258280277  0.9321034443906555  0.9321034443906555
  0.9321034443906555  0.2036897258280277  0.9321033843906577
  0.9321034443906555  0.9321033843906577  0.2036897258280277
  0.9321033843906577  0.9321034443906555  0.9321034443906555
  0.8467780778892546  0.0510739830369147  0.0510739830369147
  0.0510739830369147  0.8467780778892546  0.0510739560369160
  0.0510739830369147  0.0510739560369160  0.8467780778892546
  0.0510739560369160  0.0510739830369147  0.0510739830369147
  0.1207558992749256  0.8792441007250673  0.1207558392749277
  0.8792441007250673  0.1207558992749256  0.8792441607250652
  0.1207558392749277  0.1207558992749256  0.8792441007250673
  0.8792441607250652  0.8792441007250673  0.1207558992749256
  0.8792441007250673  0.1207558392749277  0.1207558992749256
  0.1207558992749256  0.8792441607250652  0.8792441007250673
 
  0.00000000E+00  0.00000000E+00  0.00000000E+00
  0.00000000E+00  0.00000000E+00  0.00000000E+00
  0.00000000E+00  0.00000000E+00  0.00000000E+00
  0.00000000E+00  0.00000000E+00  0.00000000E+00
  0.00000000E+00  0.00000000E+00  0.00000000E+00
  0.00000000E+00  0.00000000E+00  0.00000000E+00
  0.00000000E+00  0.00000000E+00  0.00000000E+00
  0.00000000E+00  0.00000000E+00  0.00000000E+00
  0.00000000E+00  0.00000000E+00  0.00000000E+00
  0.00000000E+00  0.00000000E+00  0.00000000E+00
  0.00000000E+00  0.00000000E+00  0.00000000E+00
  0.00000000E+00  0.00000000E+00  0.00000000E+00
  0.00000000E+00  0.00000000E+00  0.00000000E+00
  0.00000000E+00  0.00000000E+00  0.00000000E+00
  0.00000000E+00  0.00000000E+00  0.00000000E+00
  0.00000000E+00  0.00000000E+00  0.00000000E+00
  0.00000000E+00  0.00000000E+00  0.00000000E+00
  0.00000000E+00  0.00000000E+00  0.00000000E+00
  0.00000000E+00  0.00000000E+00  0.00000000E+00
  0.00000000E+00  0.00000000E+00  0.00000000E+00
  0.00000000E+00  0.00000000E+00  0.00000000E+00
  0.00000000E+00  0.00000000E+00  0.00000000E+00
  0.00000000E+00  0.00000000E+00  0.00000000E+00
  0.00000000E+00  0.00000000E+00  0.00000000E+00
  0.00000000E+00  0.00000000E+00  0.00000000E+00
  0.00000000E+00  0.00000000E+00  0.00000000E+00
  0.00000000E+00  0.00000000E+00  0.00000000E+00
  0.00000000E+00  0.00000000E+00  0.00000000E+00
  0.00000000E+00  0.00000000E+00  0.00000000E+00
  0.00000000E+00  0.00000000E+00  0.00000000E+00
  0.00000000E+00  0.00000000E+00  0.00000000E+00
  0.00000000E+00  0.00000000E+00  0.00000000E+00
  0.00000000E+00  0.00000000E+00  0.00000000E+00
  0.00000000E+00  0.00000000E+00  0.00000000E+00
  0.00000000E+00  0.00000000E+00  0.00000000E+00
  0.00000000E+00  0.00000000E+00  0.00000000E+00
  0.00000000E+00  0.00000000E+00  0.00000000E+00
  0.00000000E+00  0.00000000E+00  0.00000000E+00
  0.00000000E+00  0.00000000E+00  0.00000000E+00
  0.00000000E+00  0.00000000E+00  0.00000000E+00
  0.00000000E+00  0.00000000E+00  0.00000000E+00
  0.00000000E+00  0.00000000E+00  0.00000000E+00
  0.00000000E+00  0.00000000E+00  0.00000000E+00
  0.00000000E+00  0.00000000E+00  0.00000000E+00
  0.00000000E+00  0.00000000E+00  0.00000000E+00
  0.00000000E+00  0.00000000E+00  0.00000000E+00
  0.00000000E+00  0.00000000E+00  0.00000000E+00
  0.00000000E+00  0.00000000E+00  0.00000000E+00
  0.00000000E+00  0.00000000E+00  0.00000000E+00
  0.00000000E+00  0.00000000E+00  0.00000000E+00
  0.00000000E+00  0.00000000E+00  0.00000000E+00
  0.00000000E+00  0.00000000E+00  0.00000000E+00
  0.00000000E+00  0.00000000E+00  0.00000000E+00
  0.00000000E+00  0.00000000E+00  0.00000000E+00
  0.00000000E+00  0.00000000E+00  0.00000000E+00
  0.00000000E+00  0.00000000E+00  0.00000000E+00
  0.00000000E+00  0.00000000E+00  0.00000000E+00
  0.00000000E+00  0.00000000E+00  0.00000000E+00
  0.00000000E+00  0.00000000E+00  0.00000000E+00
  0.00000000E+00  0.00000000E+00  0.00000000E+00
  0.00000000E+00  0.00000000E+00  0.00000000E+00
  0.00000000E+00  0.00000000E+00  0.00000000E+00
  0.00000000E+00  0.00000000E+00  0.00000000E+00
  0.00000000E+00  0.00000000E+00  0.00000000E+00
  0.00000000E+00  0.00000000E+00  0.00000000E+00
  0.00000000E+00  0.00000000E+00  0.00000000E+00
  0.00000000E+00  0.00000000E+00  0.00000000E+00
  0.00000000E+00  0.00000000E+00  0.00000000E+00
  0.00000000E+00  0.00000000E+00  0.00000000E+00
  0.00000000E+00  0.00000000E+00  0.00000000E+00
  0.00000000E+00  0.00000000E+00  0.00000000E+00
  0.00000000E+00  0.00000000E+00  0.00000000E+00
  0.00000000E+00  0.00000000E+00  0.00000000E+00
  0.00000000E+00  0.00000000E+00  0.00000000E+00
  0.00000000E+00  0.00000000E+00  0.00000000E+00
  0.00000000E+00  0.00000000E+00  0.00000000E+00
  0.00000000E+00  0.00000000E+00  0.00000000E+00
  0.00000000E+00  0.00000000E+00  0.00000000E+00
  0.00000000E+00  0.00000000E+00  0.00000000E+00
  0.00000000E+00  0.00000000E+00  0.00000000E+00
  0.00000000E+00  0.00000000E+00  0.00000000E+00
  0.00000000E+00  0.00000000E+00  0.00000000E+00
  0.00000000E+00  0.00000000E+00  0.00000000E+00
  0.00000000E+00  0.00000000E+00  0.00000000E+00
  0.00000000E+00  0.00000000E+00  0.00000000E+00
  0.00000000E+00  0.00000000E+00  0.00000000E+00
  0.00000000E+00  0.00000000E+00  0.00000000E+00
  0.00000000E+00  0.00000000E+00  0.00000000E+00
  0.00000000E+00  0.00000000E+00  0.00000000E+00
  0.00000000E+00  0.00000000E+00  0.00000000E+00
  0.00000000E+00  0.00000000E+00  0.00000000E+00
  0.00000000E+00  0.00000000E+00  0.00000000E+00
  0.00000000E+00  0.00000000E+00  0.00000000E+00
  0.00000000E+00  0.00000000E+00  0.00000000E+00
  0.00000000E+00  0.00000000E+00  0.00000000E+00
  0.00000000E+00  0.00000000E+00  0.00000000E+00
  0.00000000E+00  0.00000000E+00  0.00000000E+00
  0.00000000E+00  0.00000000E+00  0.00000000E+00
  0.00000000E+00  0.00000000E+00  0.00000000E+00
  0.00000000E+00  0.00000000E+00  0.00000000E+00
  0.00000000E+00  0.00000000E+00  0.00000000E+00
  0.00000000E+00  0.00000000E+00  0.00000000E+00
  0.00000000E+00  0.00000000E+00  0.00000000E+00
  0.00000000E+00  0.00000000E+00  0.00000000E+00
  0.00000000E+00  0.00000000E+00  0.00000000E+00
  0.00000000E+00  0.00000000E+00  0.00000000E+00
  0.00000000E+00  0.00000000E+00  0.00000000E+00
  0.00000000E+00  0.00000000E+00  0.00000000E+00
  0.00000000E+00  0.00000000E+00  0.00000000E+00
  0.00000000E+00  0.00000000E+00  0.00000000E+00
  0.00000000E+00  0.00000000E+00  0.00000000E+00
  0.00000000E+00  0.00000000E+00  0.00000000E+00
  0.00000000E+00  0.00000000E+00  0.00000000E+00
  0.00000000E+00  0.00000000E+00  0.00000000E+00
